D:20250409132739+02'00':v1.3.1:22.07600402832031
D:20250409132811+02'00':v1.4.0:1.44000244140625

